       0            1   -3.1727576            0   -2.3179956  -0.79011421    444.53333 
    1000   0.12160441   -3.0829524            0   -2.9790095  -0.50582893    445.71609 
    2000   0.12109606   -3.0946611            0   -2.9911528 -0.0030943256    440.39476 
    3000   0.11671309   -3.0797618            0   -2.9799999  -0.71371338    446.22334 
    4000   0.11604263   -3.0890945            0   -2.9899057  -0.24038786    443.38167 
    5000   0.11203149   -3.0855323            0   -2.9897721  -0.13002145    443.24189 
    6000   0.11779199   -3.0878273            0   -2.9871432   -0.2596058    443.27376 
    7000   0.11542477   -3.0855831            0   -2.9869224   0.22594373    437.99794 
    8000   0.11557285   -3.0909411            0   -2.9921539  -0.12889936    444.14415 
    9000   0.11589899   -3.0917696            0   -2.9927035   0.42611515     436.1577 
   10000   0.11491496   -3.0836914            0   -2.9854664   0.23169569    442.09268 
   11000   0.11585448   -3.0774193            0   -2.9783913   0.79469942    435.92088 
   12000   0.12042417   -3.0707591            0   -2.9678251   0.55977532    441.41532 
   13000     0.120331   -3.0550582            0   -2.9522039    1.0221968    437.90408 
   14000   0.12155281   -3.0578125            0   -2.9539138   0.79350447    442.94607 
   15000   0.11418967   -3.0566667            0   -2.9590617    1.2846963    438.25444 
   16000   0.11474544   -3.0512835            0   -2.9532035    1.2623616    439.21475 
   17000   0.11801569   -3.0375951            0   -2.9367198    1.8141074    436.72495 
   18000   0.11492151   -3.0360561            0   -2.9378256    1.3939742    457.81657 
   19000   0.12491136   -3.0278928            0   -2.9211233    1.7300503    459.68608 
   20000    0.1244081   -3.0067183            0    -2.900379    2.0003149    457.86699 
   21000   0.11865578    -2.985825            0   -2.8844026    2.2998997    459.56066 
   22000   0.12417593   -2.9650296            0   -2.8588887    2.6234351    458.00492 
   23000   0.11980297   -2.9455498            0   -2.8431468      2.87707     454.4239 
   24000   0.11606617   -3.0079699            0    -2.908761    1.8360081    470.08097 
   25000   0.11235348   -3.0020861            0   -2.9060506    1.1950172    485.95126 
   26000   0.11649833   -3.0181519            0   -2.9185735    1.1862058    491.87687 
   27000   0.11671309   -3.0183398            0   -2.9185779   0.91152694    488.80638 
   28000   0.11671309   -3.0392784            0   -2.9395165   0.84018604    481.96116 
   29000   0.12477396   -3.0451088            0   -2.9384568    0.7433425    486.77019 
   30000   0.10900379   -3.0319097            0   -2.9387374   0.92787761    487.63483 
   30000   0.10900379   -3.0319097            0   -2.9387374   0.92877546    487.16343 
   31000   0.10677857   -3.0693112            0   -2.9780409  -0.70024406     491.2469 
   32000   0.12316887   -3.0644296            0   -2.9591495  -0.53759727    488.01758 
   33000   0.11281703   -3.0712842            0   -2.9748525  0.075001829    483.58327 
   34000   0.11671309   -3.0661393            0   -2.9663774  -0.67102689    488.54392 
   35000   0.12827744   -3.0760281            0   -2.9663814  -0.32336658    485.57188 
   36000    0.1186434   -3.0820219            0   -2.9806101  -0.12082999    484.29279 
   37000   0.12025321   -3.0728326            0   -2.9700448   -0.5926056    488.43103 
   38000   0.11967825   -3.0723423            0   -2.9700459 -0.014531354      487.101 
   39000   0.12542668   -3.0772551            0   -2.9700452  -0.27701618    484.72587 
   40000   0.12203926   -3.0743618            0   -2.9700473  -0.50055724    489.58883 
   41000   0.11784542   -3.0833002            0   -2.9825705  -0.16789991    483.27162 
   42000   0.10554086   -3.0727788            0   -2.9825665  -0.40211983    487.18245 
   43000   0.11833309   -3.0734302            0   -2.9722836  -0.37550903    487.41674 
   44000   0.12436884   -3.0785909            0   -2.9722852  -0.18114732    483.62161 
   45000   0.11369568   -3.0694638            0   -2.9722811  -0.45885227    489.32662 
   46000   0.12238642   -3.0768935            0   -2.9722823  -0.30493832    489.30807 
   47000   0.12267557   -3.0771441            0   -2.9722857  -0.25263699    484.83558 
   48000   0.11279478   -3.0686967            0    -2.972284  -0.41935711    488.09454 
   49000   0.12034887   -3.0751524            0   -2.9722828  -0.15836609    486.22545 
   50000   0.11538686   -3.0709105            0   -2.9722822  -0.31377656    484.48695 
   51000   0.12355156   -3.0778919            0   -2.9722848  -0.38918704    487.24376 
   52000    0.1130997   -3.0805549            0   -2.9838816  -0.20123044    484.92002 
   53000   0.11442726   -3.0816906            0   -2.9838826  -0.36776112    485.40605 
   54000   0.11268285   -3.0801993            0   -2.9838823  -0.25757719    484.85688 
   55000   0.11360758   -3.0809886            0   -2.9838812  -0.23210262    486.21952 
   56000   0.11671309   -3.0707643            0   -2.9710024  -0.34488426    489.19372 
   57000    0.1258079   -3.0785402            0   -2.9710044  -0.25691112    485.95539 
   58000   0.11535051   -3.0696016            0   -2.9710044    -0.262753    486.89959 
   59000   0.11116975   -3.0660237            0       -2.971  -0.35878498    488.20399 
   60000   0.12532114   -3.0781249            0   -2.9710052  -0.26351957      484.774 
