       0          0.8   -3.1727576            0    -2.488948   -0.9516319    444.53333 
    1000   0.12401664    -3.084354            0   -2.9783493  -0.47559393    445.66662 
    2000   0.11851758   -3.0912182            0   -2.9899139 -0.026608743    440.30608 
    3000   0.11176256   -3.0857268            0   -2.9901965  -0.67169539    445.13853 
    4000   0.11654892   -3.0890485            0   -2.9894269  -0.23774459    442.80135 
    5000   0.11997855   -3.0917077            0   -2.9891546  -0.29525179    443.71832 
    6000   0.12013095   -3.0907139            0   -2.9880306  -0.28799919    444.92646 
    7000   0.12350759   -3.0909459            0   -2.9853763   0.23696429    439.33094 
    8000   0.11620097   -3.0813552            0    -2.982031 -0.096233536     444.2925 
    9000   0.10884693   -3.0782352            0   -2.9851969   0.53288154    438.62397 
   10000   0.11506536   -3.0892719            0   -2.9909184   0.14346321    442.62658 
   11000   0.10809819   -3.0738856            0   -2.9814873   0.71688107    439.46215 
   12000   0.11761385   -3.0759634            0   -2.9754316    0.5213497    440.20146 
   13000   0.12239517   -3.0553444            0   -2.9507257    1.1200252    436.85239 
   14000   0.12650446   -3.0574941            0   -2.9493629   0.95531905    441.57359 
   15000   0.12489671   -3.0546733            0   -2.9479163   0.92586526    452.34986 
   16000   0.11433594   -3.0500874            0   -2.9523574   0.73836337    456.26399 
   17000   0.11552595   -3.0316624            0   -2.9329153    0.8820118    453.78036 
   18000   0.11887488   -3.0322825            0   -2.9306727    1.3437127    452.33935 
   19000   0.11890489   -3.0146613            0   -2.9130259     1.566641    450.07047 
   20000   0.11749519   -3.0093898            0   -2.9089594    1.4905536    456.08725 
   21000   0.11620437   -3.0004267            0   -2.9010997    1.1624445    471.71498 
   22000   0.12254715   -3.0155481            0   -2.9107995   0.89130496    474.17556 
   23000   0.12511425   -3.0320261            0   -2.9250832    1.0651274    471.24421 
   24000   0.10620078   -3.0095892            0   -2.9188129    1.1486698     470.7896 
   25000   0.12457583    -3.011961            0   -2.9054783    1.4455827    465.89445 
   26000   0.11671309   -3.0200803            0   -2.9203184   0.94774934    471.15728 
   27000   0.11934794   -3.0175889            0   -2.9155749     1.219683    474.08423 
   28000   0.12274569   -2.9982446            0   -2.8933263    1.1989882    475.69006 
   29000   0.11671309   -2.9888602            0   -2.8890983     1.420487    478.22787 
   30000   0.11265144   -2.9728564            0   -2.8765663    1.8646705    470.29472 
   30000   0.11265144   -2.9728564            0   -2.8765663     1.865285     470.1398 
   31000   0.10546352   -3.0413977            0   -2.9512515  -0.35164376    488.76767 
   32000   0.11504639    -2.991898            0   -2.8935607  -0.57524845    494.77097 
   33000   0.11998537   -3.0217726            0   -2.9192137   0.26446486     483.5058 
   34000    0.1267976   -3.0538976            0   -2.9455158  -0.02695566    482.26202 
   35000   0.11367815   -3.0365066            0   -2.9393388  -0.41996783    487.68122 
   36000   0.11485687   -3.0374758            0   -2.9393005  0.013059592    483.41624 
   37000   0.11916642   -3.0415461            0   -2.9396872   -0.2032231    482.87302 
   38000   0.11694939     -3.03946            0   -2.9394961  -0.36642704    487.10618 
   39000   0.11782171   -3.0403602            0   -2.9396507 -0.063692834    483.33609 
   40000   0.11615779   -3.0389395            0   -2.9396523 -0.063231603    484.84814 
   41000   0.11564735   -3.0502344            0   -2.9513835  -0.41794193    486.60058 
   42000   0.11336955   -3.0481291            0   -2.9512251  -0.24248018    484.97516 
   43000   0.11819362   -3.0640375            0     -2.96301  -0.27902326    489.04076 
   44000   0.11858216   -3.0647201            0   -2.9633606  -0.39174428    487.38958 
   45000   0.12358503   -3.0804029            0   -2.9747671  -0.26252766    484.29823 
   46000   0.11425399   -3.0724269            0    -2.974767  -0.36135606    488.83737 
   47000   0.11786009   -3.0755105            0   -2.9747682  -0.34861215    489.96812 
   48000   0.12362519    -3.080441            0   -2.9747709  -0.12025988    485.47548 
   49000     0.118898   -3.0763971            0   -2.9747677  -0.49146884    492.05667 
   50000   0.12077625   -3.0770544            0   -2.9738194  -0.24921649    484.90122 
   51000   0.11066442   -3.0725795            0   -2.9779878  -0.19583097    485.84275 
   52000   0.11048085   -3.0724233            0   -2.9779885  -0.41580381    488.84043 
   53000   0.11465233   -3.0862572            0   -2.9882568  -0.26362428    485.70328 
   54000   0.10892865   -3.0813637            0   -2.9882557  -0.25945088    484.97927 
   55000   0.11101065    -3.072824            0   -2.9779363  -0.41207826    488.87407 
   56000   0.11880945   -3.0794919            0   -2.9779381    -0.213752    486.05705 
   57000   0.11830392   -3.0790611            0   -2.9779395  -0.45139569    486.82242 
   58000   0.11351223   -3.0749633            0   -2.9779373  -0.42504303    488.67143 
   59000   0.11717193   -3.0780936            0   -2.9779395 -0.094366583     485.1008 
   60000   0.11671309   -3.0675402            0   -2.9677783  -0.29706136    488.72404 
