       0          0.3   -3.1727576            0    -2.916329   -1.3554261    444.53333 
    1000   0.12034192     -3.09141            0   -2.9885463  -0.28654869    442.21167 
    2000   0.11268321    -3.084857            0   -2.9885396  -0.24317107    442.75015 
    3000   0.11411834   -3.0858657            0   -2.9883217  -0.52178704    446.78651 
    4000   0.11969136   -3.0905348            0   -2.9882272  0.022642988    440.79018 
    5000   0.10700567    -3.089742            0   -2.9982776    -0.439744    446.44749 
    6000   0.12541825   -3.0908979            0   -2.9836952  -0.17579921    442.27986 
    7000   0.11533404   -3.0906973            0   -2.9921142 -0.059961364    441.19156 
    8000   0.11836461   -3.0882122            0   -2.9870386  0.065271185    443.22207 
    9000   0.12426873   -3.0880046            0   -2.9817845   0.39178714    438.95188 
   10000   0.11028276   -3.0724872            0   -2.9782217   0.29559796    442.92162 
   11000   0.12316469    -3.073918            0   -2.9686416   0.73327412     439.1001 
   12000   0.11219608   -3.0579852            0   -2.9620843   0.57292083    445.08634 
   13000   0.12558541   -3.0562958            0   -2.9489502    1.1072244    436.28121 
   14000   0.11822141   -3.0540768            0   -2.9530256   0.59143824    451.47424 
   15000   0.12469707   -3.0511969            0   -2.9446106   0.68080521    456.17951 
   16000   0.11296457   -3.0325702            0   -2.9360124   0.68412012    456.34159 
   17000   0.11536973    -3.034543            0   -2.9359293     1.138297    454.12527 
   18000   0.11860682   -3.0224618            0   -2.9210812    1.2521074    451.17468 
   19000   0.12637678   -3.0129458            0   -2.9049237    1.4860655    451.93462 
   20000    0.1133756   -2.9988517            0   -2.9019426    1.3915351    465.17191 
   21000   0.12203106   -3.0186314            0   -2.9143239   0.91787784    474.65011 
   22000   0.12045752   -3.0245539            0   -2.9215914   0.64735391    470.04224 
   23000   0.11663264   -3.0266689            0   -2.9269758   0.99869611    471.60514 
   24000   0.11476268   -3.0248382            0   -2.9267435    1.3109463    466.56087 
   25000   0.11671309    -3.029788            0   -2.9300261    1.0170462    467.48429 
   26000    0.1268192   -3.0256323            0   -2.9172321    1.0085118    470.88092 
   27000   0.12238785   -3.0061464            0   -2.9015339    1.0571887    471.86105 
   28000   0.11671309   -3.0128683            0   -2.9131064    1.2279461     473.8553 
   29000    0.1163124    -2.998227            0   -2.8988076    1.3929425    474.98169 
   30000    0.1152307   -2.9777511            0   -2.8792563    1.9105256    468.44247 
   30000    0.1152307   -2.9777511            0   -2.8792563    1.9063303    469.47338 
   31000   0.11981541   -3.0550642            0   -2.9526506  -0.65374005    481.61974 
   32000   0.12600268   -3.0343409            0   -2.9266387  -0.61135069    483.70243 
   33000   0.11671309    -3.047291            0   -2.9475291   0.29984342    473.31025 
   34000   0.11835771   -3.0461645            0   -2.9449968  -0.39107109     479.0596 
   35000   0.12506747   -3.0399998            0   -2.9330969  -0.22792326     476.2766 
   36000   0.11820592   -3.0449732            0   -2.9439352 -0.0046141737    478.55877 
   37000    0.1176555   -3.0444676            0   -2.9439002  -0.28286231    480.62127 
   38000   0.12434856   -3.0503049            0   -2.9440165  -0.24000719    477.57903 
   39000   0.11447791   -3.0418297            0   -2.9439784  -0.20651185    476.76344 
   40000   0.11542334   -3.0424797            0   -2.9438202  -0.18490717    478.15847 
   41000   0.11976139    -3.046305            0   -2.9439376  -0.31628721      476.657 
   42000   0.11658363   -3.0433574            0   -2.9437062  -0.16040821    479.85809 
   43000   0.11874464   -3.0452829            0   -2.9437845  -0.10693291    474.22409 
   44000   0.12480365   -3.0505023            0   -2.9438249  -0.21502765    476.58704 
   45000   0.12154696   -3.0477546            0   -2.9438609  -0.34525947    475.69926 
   46000   0.12511294   -3.0834967            0    -2.976555  -0.45163864     464.3089 
   47000   0.12027074   -3.0793593            0   -2.9765564  -0.17587028     465.0795 
   48000   0.11254923   -3.0727572            0   -2.9765544  -0.65177923    469.76869 
   49000   0.11157878   -3.0719272            0   -2.9765539  -0.14966794    464.63847 
   50000    0.1261786    -3.084408            0   -2.9765554   -0.3457784     464.6259 
   51000   0.11923507   -3.0784701            0   -2.9765525  -0.58427464    468.65185 
   52000    0.1210132   -3.0799934            0   -2.9765559 -0.073730281    463.07239 
   53000   0.11327042   -3.0858043            0    -2.988985  -0.43764517     466.1111 
   54000    0.1192203   -3.0778257            0   -2.9759208  -0.33589959    466.26484 
   55000   0.12323043   -3.0812583            0   -2.9759256  -0.14228873    462.36316 
   56000   0.11939727   -3.0779792            0    -2.975923  -0.52083441    469.87001 
   57000   0.11993671   -3.0784399            0   -2.9759226  -0.30258417    464.12548 
   58000   0.11671309   -3.0858986            0   -2.9861367  -0.24921261    463.69156 
   59000   0.11853856   -3.0767671            0   -2.9754448  -0.50652511    467.42492 
   60000   0.11865088   -3.0768612            0   -2.9754429  -0.15612788    463.29312 
