       0          0.4   -3.1727576            0   -2.8308528   -1.2746673    444.53333 
    1000   0.12198155   -3.0781932            0   -2.9739281  -0.27287669      443.371 
    2000   0.11853501   -3.0891602            0    -2.987841  -0.24830425    442.91604 
    3000   0.11265191    -3.083917            0   -2.9876264  -0.51659603    445.79987 
    4000   0.12014293   -3.0901449            0   -2.9874513  -0.13993845    442.71976 
    5000   0.11045652   -3.0812753            0   -2.9868613  -0.27040243    445.00193 
    6000   0.12541727    -3.091707            0   -2.9845051  -0.14204441    443.72476 
    7000   0.11934092   -3.0849459            0   -2.9829378  0.022626811    441.27094 
    8000   0.11987913    -3.080236            0   -2.9777679  0.079359003    442.59493 
    9000   0.11170618   -3.0804712            0    -2.984989   0.39660416    439.53775 
   10000   0.12204636   -3.0822789            0   -2.9779583   0.20817125       442.88 
   11000   0.12626965   -3.0784188            0   -2.9704883   0.61787688    437.76338 
   12000   0.11866666   -3.0592047            0   -2.9577729   0.69487858    440.82829 
   13000   0.12186736    -3.065004            0   -2.9608364    1.0780747    436.90838 
   14000   0.11271591   -3.0439727            0   -2.9476275    1.0065501    440.68542 
   15000   0.11437528   -3.0433134            0   -2.9455497    1.1065265    451.11245 
   16000   0.11469289   -3.0454955            0   -2.9474604    1.1317019    453.03347 
   17000   0.11796177   -3.0393213            0   -2.9384921    1.4699185    459.43653 
   18000   0.12029483   -3.0416974            0   -2.9388739    1.5088842    461.02287 
   19000   0.11632708   -3.0183219            0   -2.9188899    1.7965017    456.67915 
   20000   0.12540025   -3.0084271            0   -2.9012397     1.952184     457.3137 
   21000   0.12487811   -2.9906569            0   -2.8839158    2.2224093    461.00383 
   22000   0.11580765   -2.9728633            0   -2.8738754    2.4879618    455.36062 
   23000   0.11828073   -2.9724316            0   -2.8713297     2.492824    448.74316 
   24000   0.11574903   -2.9665372            0   -2.8675993    2.4840888    462.10629 
   25000   0.12157567   -2.9975306            0   -2.8936123    2.0444121    465.52972 
   26000   0.12517031   -2.9885784            0   -2.8815876    1.8125609    477.89099 
   27000   0.11671309   -2.9834415            0   -2.8836796    1.5554546    478.79168 
   28000    0.1200126    -2.966168            0   -2.8635858    1.7487165    484.53898 
   29000   0.12760948   -2.9874079            0   -2.8783321    1.1033443    494.36032 
   30000    0.1206564   -3.0067951            0   -2.9036626   0.68998287    515.45856 
   30000    0.1206564   -3.0067951            0   -2.9036626   0.68982225    515.57858 
   31000   0.11522438   -3.0266819            0   -2.9281925  -0.52976604     515.8393 
   32000   0.11801555   -3.0192083            0   -2.9183331  -0.29342722    517.94802 
   33000   0.12019836    -3.034957            0    -2.932216    0.2335861     503.7955 
   34000   0.11381581   -3.0427813            0   -2.9454959  -0.41217759    511.62525 
   35000   0.12131178   -3.0385303            0   -2.9348376  -0.30133759    507.48621 
   36000   0.11612198   -3.0446713            0   -2.9454146   0.01173823    507.41186 
   37000    0.1166637   -3.0449022            0   -2.9451825  -0.40092799    507.78295 
   38000   0.11671309   -3.0676701            0   -2.9679082  -0.28352286    504.96199 
   39000   0.12247296   -3.0725977            0   -2.9679125  -0.19965879    507.11957 
   40000   0.11297462   -3.0644729            0   -2.9679065  -0.40471145    508.53502 
   41000    0.1195627   -3.0701073            0   -2.9679096  -0.29527414     507.6953 
   42000   0.11836102   -3.0690825            0    -2.967912  -0.25872171    508.17151 
   43000   0.12442877   -3.0621225            0   -2.9557655  -0.43768948    512.36536 
   44000   0.11382727   -3.0663413            0   -2.9690461  -0.25591952    509.67896 
   45000   0.11771955   -3.0696312            0    -2.969009  -0.25938132    513.43212 
   46000   0.11927465   -3.0709976            0   -2.9690462  -0.44413606    507.90658 
   47000   0.12365489   -3.0747464            0   -2.9690509  -0.21931502    506.17824 
   48000     0.112529    -3.065232            0   -2.9690465  -0.28817505    505.03635 
   49000    0.1208703   -3.0723261            0   -2.9690108  -0.38738052    508.59656 
   50000   0.12058879   -3.0721241            0   -2.9690494  -0.18883467    503.49191 
   51000   0.11541808   -3.0677005            0   -2.9690455  -0.37136489    509.36669 
   52000    0.1170215   -3.0690721            0   -2.9690466  -0.37111608    507.89802 
   53000   0.11896653   -3.0707387            0   -2.9690506  -0.17406706    506.48081 
   54000   0.11553217   -3.0677988            0   -2.9690463  -0.39184538    508.85549 
   55000   0.12099281   -3.0724686            0   -2.9690486  -0.28773623    504.20179 
   56000   0.11545654   -3.0677365            0   -2.9690487  -0.21756233     507.1053 
   57000   0.11354622   -3.0660991            0   -2.9690441  -0.42285906    510.09812 
   58000   0.11663986   -3.0687462            0   -2.9690469  -0.30861906    508.10133 
   59000   0.11578174   -3.0680129            0   -2.9690471  -0.26989869     503.8435 
   60000   0.11408483   -3.0665619            0   -2.9690465  -0.40206762    512.20026 
