       0          0.6   -3.1727576            0   -2.6599004   -1.1131496    444.53333 
    1000   0.12416117   -3.0905516            0   -2.9844233  -0.48053055    444.68227 
    2000   0.11671309   -3.0953665            0   -2.9956046  -0.19424983    441.70901 
    3000    0.1102984   -3.0782951            0   -2.9840163  -0.52159777    446.31345 
    4000   0.11832453   -3.0849096            0   -2.9837703  -0.12945995    442.22458 
    5000   0.12200416   -3.0874959            0   -2.9832114  -0.26353266    443.95493 
    6000   0.12138388   -3.0858226            0   -2.9820683  -0.20379186    444.76615 
    7000   0.11671309   -3.0888218            0   -2.9890599   0.07421375    439.62716 
    8000   0.12010494   -3.0894294            0   -2.9867682 -0.031441941    442.61281 
    9000    0.1163057    -3.090944            0   -2.9915303   0.35841721    439.59367 
   10000   0.11351469   -3.0818891            0    -2.984861   0.25598605    440.65241 
   11000    0.1223657   -3.0820345            0    -2.977441   0.59019714    438.24842 
   12000    0.1164129   -3.0666104            0   -2.9671051    0.7438951    439.12626 
   13000   0.11712905   -3.0553294            0   -2.9552119    1.0889301    437.27527 
   14000   0.12066687   -3.0646228            0   -2.9614813   0.85498178    442.53775 
   15000   0.12575354   -3.0592852            0   -2.9517958    1.2175262    439.78969 
   16000   0.11882094   -3.0416096            0   -2.9400459    1.3959159    439.88455 
   17000   0.11671309   -3.0399239            0    -2.940162    1.6726767    439.96998 
   18000   0.11177682   -3.0253862            0   -2.9298437    1.4389829      462.033 
   19000   0.12271423   -3.0254749            0   -2.9205834    1.9220965    457.48071 
   20000   0.12099294   -3.0107641            0   -2.9073439    1.8516066    459.78031 
   21000   0.12586951   -2.9924657            0   -2.8848772    2.3257705    456.61257 
   22000   0.11967758   -2.9618614            0   -2.8595656     2.603106    457.44766 
   23000   0.11748148   -2.9670399            0   -2.8666213    2.6175739    452.61908 
   24000    0.1235433   -2.9502197            0   -2.8446196    2.3296144    456.99056 
   25000   0.12828367   -3.0287035            0   -2.9190515    1.0544608    467.67192 
   26000   0.11671309   -3.0372527            0   -2.9374908   0.89266378    478.98132 
   27000   0.11326108   -3.0439663            0    -2.947155   0.96744197    475.35673 
   28000    0.1105319   -3.0219137            0   -2.9274352    0.8936604     471.8913 
   29000   0.11578116   -3.0134443            0    -2.914479    1.3881492    475.71074 
   30000   0.10957659   -2.9951503            0   -2.9014884    1.3578193    478.15624 
   30000   0.10957659   -2.9951503            0   -2.9014884    1.3616597    476.80765 
   31000   0.10557534   -3.0404498            0   -2.9502081  -0.56062345    482.91327 
   32000   0.12282677     -3.03446            0   -2.9294724  -0.41699987    488.02466 
   33000   0.12247161    -3.060628            0   -2.9559439   0.25184408    474.59695 
   34000   0.11219726   -3.0516505            0   -2.9557485  -0.41897426    486.73201 
   35000   0.12693656   -3.0751198            0   -2.9666192  -0.40943125     469.3855 
   36000   0.12203829   -3.0861025            0   -2.9817888 -0.077787527     462.7215 
   37000    0.1158883   -3.0694634            0   -2.9704064  -0.59488583    469.52491 
   38000   0.12055675   -3.0734565            0   -2.9704092  -0.15667472    464.69953 
   39000   0.11290124   -3.0813904            0   -2.9848867   -0.2789205    463.71242 
   40000   0.12409166   -3.0777537            0   -2.9716849  -0.59091852     466.0029 
   41000   0.10696282   -3.0884585            0   -2.9970308  -0.16321785    461.38544 
   42000   0.11166253   -3.0792086            0   -2.9837637  -0.36588032    464.47522 
   43000   0.11158435   -3.0664481            0   -2.9710701  -0.47120833    467.93456 
   44000   0.12399392    -3.087176            0   -2.9811907  -0.21196441    462.59033 
   45000   0.11519847   -3.0796569            0   -2.9811896  -0.36484629    464.41646 
   46000   0.11379331   -3.0784554            0   -2.9811892  -0.49106397    466.45487 
   47000   0.12035605   -3.0840702            0   -2.9811945 -0.068539286    462.37906 
   48000   0.11180399   -3.0767542            0   -2.9811885  -0.52993961    466.55095 
   49000   0.11437616   -3.0789545            0   -2.9811901  -0.32368805    464.33354 
   50000   0.11660399    -3.080859            0   -2.9811904  -0.13792491    462.90078 
   51000   0.11674177   -3.0809767            0   -2.9811903  -0.59989699    466.90838 
   52000   0.11581177   -3.0801855            0    -2.981194 -0.077918938    461.15301 
   53000   0.11336166   -3.0780851            0   -2.9811879  -0.33507127    464.82609 
   54000   0.10752024    -3.073091            0   -2.9811868  -0.56664787     466.8139 
   55000   0.11815118   -3.0821446            0   -2.9811535  -0.14128994    462.36578 
   56000   0.11141957   -3.0764247            0   -2.9811875  -0.49689492    467.73941 
   57000   0.11485231   -3.0793628            0   -2.9811914  -0.37178563    465.46576 
   58000   0.11929809   -3.0831644            0   -2.9811929  -0.18379914    463.73296 
   59000   0.10614925   -3.0719181            0   -2.9811858  -0.44067941    467.21888 
   60000   0.11844617   -3.0824344            0   -2.9811911  -0.32321971    465.23937 
