       0          0.9   -3.1727576            0   -2.4034718  -0.87087306    444.53333 
    1000   0.11929597   -3.0846652            0   -2.9826955  -0.50501385    445.39684 
    2000   0.11671309   -3.0937752            0   -2.9940132 -0.043164451    439.71725 
    3000   0.10736956   -3.0856354            0     -2.99386  -0.70054717    446.03228 
    4000    0.1189288   -3.0952119            0   -2.9935561  -0.24964105    441.65626 
    5000   0.11008584   -3.0873028            0   -2.9932056  -0.18670082    441.76152 
    6000   0.11854485   -3.0926914            0   -2.9913638  -0.27647149    443.39727 
    7000   0.10940472   -3.0930332            0   -2.9995182    0.2298413    438.48579 
    8000   0.11464227   -3.0820365            0   -2.9840446  -0.06779538     445.0535 
    9000   0.11409703   -3.0772583            0   -2.9797325   0.52316003    438.17064 
   10000   0.11854104   -3.0751839            0   -2.9738595   0.13109581     443.4884 
   11000   0.11264228   -3.0734323            0     -2.97715   0.79938142    437.49297 
   12000    0.1146887   -3.0639401            0   -2.9659085   0.62642662    441.59941 
   13000    0.1228418   -3.0590588            0   -2.9540583    1.1034293    437.23499 
   14000   0.11599839   -3.0559663            0   -2.9568153   0.87501732    441.92875 
   15000   0.11671309   -3.0564358            0   -2.9566739    1.0285354    463.59672 
   16000   0.12156845    -3.052764            0   -2.9488519    1.0444919    462.19769 
   17000   0.11671309   -3.0481391            0   -2.9483772    1.2983385    457.57651 
   18000   0.12447738   -3.0311304            0   -2.9247318    1.4690595    460.69665 
   19000   0.11716114   -3.0226401            0   -2.9224953     1.774439    459.84283 
   20000   0.12112089   -3.0182585            0   -2.9147289     1.926546    457.80211 
   21000   0.11900191   -2.9931835            0   -2.8914652    2.2801252    458.69542 
   22000   0.10892769   -2.9617779            0   -2.8686706    2.6458762    457.24936 
   23000    0.1246911     -2.97068            0   -2.8640988    2.2772675    456.44644 
   24000   0.11783942   -3.0115003            0   -2.9107756    1.1059064    494.50375 
   25000   0.11062738   -3.0037457            0   -2.9091856    1.1612625    480.09869 
   26000   0.12467716   -3.0147288            0   -2.9081595   0.81904516    497.83845 
   27000    0.1228859   -2.9962552            0    -2.891217    1.0101987    496.80727 
   28000   0.12471904    -2.999643            0   -2.8930379    1.2411474    494.56581 
   29000   0.11537746   -2.9954321            0   -2.8968118    1.1617367    494.89745 
   30000   0.11687201     -2.97073            0   -2.8708323    1.4977891    496.83348 
   30000   0.11687201     -2.97073            0   -2.8708323     1.497382    496.96856 
   31000   0.11347553    -3.029389            0   -2.9323945  -0.58236164    499.69802 
   32000   0.11743682   -3.0329687            0   -2.9325882  -0.43364909    503.95088 
   33000   0.11065574   -3.0392651            0   -2.9446808   0.33118819    492.20177 
   34000   0.12161287   -3.0483997            0   -2.9444497   -0.6117549     494.8543 
   35000   0.12099284   -3.0698232            0   -2.9664031  -0.41032776    486.59839 
   36000   0.11985521   -3.0688499            0   -2.9664023 0.0033278391    481.89232 
   37000   0.11528935   -3.0534736            0   -2.9549286  -0.60859133     489.5235 
   38000   0.12065698   -3.0740991            0   -2.9709661  -0.14911866     484.2824 
   39000   0.11895911    -3.072608            0   -2.9709263  -0.23732545    485.89652 
   40000   0.10815018   -3.0634035            0   -2.9709608  -0.62682411    490.74262 
   41000   0.12278317   -3.0759177            0   -2.9709673  0.022649054    483.53106 
   42000   0.10940874   -3.0644769            0   -2.9709585  -0.46980458     486.9043 
   43000   0.11261512     -3.06722            0   -2.9709608  -0.44960089    489.13548 
   44000   0.10589733   -3.0726853            0   -2.9821683  0.075295128    479.32864 
   45000   0.11056399   -3.0649608            0   -2.9704549  -0.50053841    488.97978 
   46000   0.11717213   -3.0580964            0   -2.9579421  -0.21744985    488.60815 
   47000   0.12159834   -3.0722732            0   -2.9683355  -0.14929893    488.22577 
   48000    0.1139991   -3.0658505            0   -2.9684085  -0.56016436    490.19684 
   49000   0.11533993   -3.0670002            0    -2.968412 -0.068982165    486.43188 
   50000   0.11131759   -3.0746696            0   -2.9795196  -0.34385607    489.54461 
   51000   0.10764203   -3.0715276            0   -2.9795193  -0.49930879    486.78111 
   52000   0.11766961   -3.0801013            0   -2.9795218  -0.08268759    483.71103 
   53000   0.10936438   -3.0730035            0    -2.979523  -0.39260213    491.79658 
   54000   0.12381468   -3.0710988            0   -2.9652667  -0.37350861    487.35271 
   55000   0.11350051   -3.0724261            0   -2.9754102 -0.069541094    485.25398 
   56000   0.10913367   -3.0687311            0   -2.9754478  -0.47350417    488.63033 
   57000   0.12395189   -3.0711839            0   -2.9652345  -0.29124493    487.45206 
   58000   0.11863811   -3.0766909            0   -2.9752835  -0.27148068    485.31684 
   59000   0.12371136    -3.081028            0   -2.9752843  -0.57040295    487.88099 
   60000   0.11938583    -3.077331            0   -2.9752846  -0.18973521    485.91489 
