       0          0.5   -3.1727576            0   -2.7453766   -1.1939084    444.53333 
    1000   0.12358156   -3.0834595            0   -2.9778267  -0.37632875    443.81739 
    2000   0.11014563   -3.0844278            0   -2.9902795  -0.13554583    440.92676 
    3000   0.11633192   -3.0899049            0   -2.9904688   -0.5813966    445.86739 
    4000   0.11943468   -3.0919544            0   -2.9898662  -0.13547118    440.25194 
    5000   0.11581331   -3.0879633            0   -2.9889705  -0.34189421    444.33388 
    6000   0.12146315   -3.0907661            0    -2.986944  -0.12549327    442.04521 
    7000    0.1161577   -3.0849293            0   -2.9856422  0.054425336    440.25123 
    8000   0.12716395   -3.0890569            0    -2.980362  0.067366469    442.09318 
    9000   0.11736238   -3.0876922            0   -2.9873753   0.31949186    439.71483 
   10000   0.11745898   -3.0829999            0   -2.9826004   0.24128672    442.27496 
   11000   0.11558775   -3.0721776            0   -2.9733776   0.69852258    438.99933 
   12000    0.1174955   -3.0681179            0   -2.9676872   0.57905682    441.29284 
   13000   0.11124933    -3.062084            0   -2.9669923    1.0150855    438.26043 
   14000   0.11770443   -3.0544205            0   -2.9538112    1.0037732    440.59584 
   15000   0.11528108    -3.048559            0   -2.9500212    1.0143396    447.76486 
   16000   0.11671309   -3.0634026            0   -2.9636407   0.32852765    471.67289 
   17000   0.12022439   -3.0669483            0    -2.964185   0.46664904    476.19206 
   18000   0.12453341   -3.0752982            0   -2.9688518   0.40946301    479.39506 
   19000   0.12021774    -3.063551            0   -2.9607935   0.78554848    480.14784 
   20000   0.11303923   -3.0537334            0   -2.9571118   0.87409591    475.81041 
   21000   0.10944187   -3.0337822            0   -2.9402355    1.2793409     478.1427 
   22000   0.12629085   -3.0352817            0   -2.9273331    1.1770396    479.29676 
   23000   0.12388533   -3.0314372            0   -2.9255448    1.4467742    469.20109 
   24000   0.12447128   -3.0333819            0   -2.9269886    1.2284702    471.86734 
   25000   0.12088979   -3.0206209            0   -2.9172889    1.5473327    478.65236 
   26000   0.12259882     -3.02392            0   -2.9191272    1.2949387    478.65057 
   27000   0.11781199   -3.0137714            0   -2.9130702     2.097484    467.28506 
   28000   0.12299115   -2.9993158            0   -2.8941877     1.744968    476.06641 
   29000   0.11332575   -2.9796896            0   -2.8828231    2.3413301    470.07279 
   30000   0.12052324   -2.9612324            0   -2.8582137    2.1408701     474.2779 
   30000   0.12052324   -2.9612324            0   -2.8582137    2.1422203    473.97897 
   31000   0.11671309   -3.0332871            0   -2.9335252  -0.85058034    495.58143 
   32000   0.11671309   -3.0160518            0   -2.9162899  -0.52038442    489.53828 
   33000   0.11725244   -3.0463691            0   -2.9461462   0.67262065    476.33333 
   34000   0.11693707   -3.0607495            0   -2.9607961   -0.4224179    489.44425 
   35000   0.10605391   -3.0653114            0   -2.9746606   -0.3558255    488.10288 
   36000   0.12207032   -3.0790106            0   -2.9746695  0.019413603    480.75685 
   37000   0.10956468    -3.057517            0   -2.9638652  -0.65997665    489.12868 
   38000   0.11773623   -3.0645008            0   -2.9638644  -0.11285393    483.19799 
   39000   0.11435979   -3.0721541            0   -2.9744037  -0.23189568    482.92598 
   40000   0.11159384   -3.0570759            0   -2.9616897  -0.59799801    490.72782 
   41000   0.11744932   -3.0745354            0   -2.9741442  -0.16640342    485.35146 
   42000   0.11421388   -3.0823004            0   -2.9846747  -0.37706132    484.58235 
   43000   0.11975138   -3.0720311            0   -2.9696722  -0.52408317    486.09493 
   44000   0.11671309   -3.0813252            0   -2.9815633  -0.12546209     484.2133 
   45000    0.1142708   -3.0792378            0   -2.9815635  -0.36256273    483.98039 
   46000   0.11823047   -3.0702921            0   -2.9692332  -0.38265851    486.64031 
   47000   0.12731374   -3.0780584            0   -2.9692355  -0.11778813     487.0258 
   48000   0.11057867   -3.0764782            0   -2.9819598  -0.48194886    485.41319 
   49000   0.11879215   -3.0728698            0   -2.9713308  -0.25510314    487.31102 
   50000   0.11474925   -3.0694161            0   -2.9713328  -0.21363074     484.1996 
   51000   0.11356306   -3.0683994            0     -2.97133  -0.59466469    489.23555 
   52000   0.11670012   -3.0710852            0   -2.9713343  -0.25897295    485.47322 
   53000    0.1212352   -3.0749623            0   -2.9713351   -0.3694657    486.23885 
   54000    0.1179732   -3.0721746            0   -2.9713356  -0.36364287    488.61615 
   55000    0.1184389   -3.0725698            0   -2.9713327  -0.23542024    484.54693 
   56000   0.11479229   -3.0810022            0   -2.9828821  -0.44256822    483.42839 
   57000   0.11181602   -3.0784575            0   -2.9828814  -0.21957286    483.41647 
   58000   0.11162395   -3.0782936            0   -2.9828817  -0.31628758    483.43498 
   59000   0.11922198   -3.0731127            0   -2.9712063  -0.35346207    488.14655 
   60000   0.12053745   -3.0742397            0   -2.9712089  -0.24031335    487.38896 
